2 4 5 8 9 11 14 16 18 19 21 23 25 27 29 32 34 36 38 40 42 44 45 47 1
2 4 5 7 9 11 14 15 17 20 21 23 26 28 29 31 33 35 37 39 41 44 45 47 1
2 4 6 8 10 11 14 16 18 19 21 23 25 27 29 32 34 36 37 39 41 44 46 48 1
2 3 5 7 9 11 13 15 17 20 22 23 26 28 30 31 33 35 38 39 41 43 45 47 1
1 3 5 7 9 11 13 15 17 20 22 24 26 28 30 31 33 35 38 39 41 43 45 47 1
2 3 5 8 10 11 14 16 18 20 22 23 25 27 29 32 34 35 37 39 41 44 45 47 1
1 3 5 7 9 11 14 15 17 20 22 24 26 28 29 32 34 35 37 39 41 43 45 47 1
2 4 5 8 9 11 14 15 17 20 21 23 26 28 29 31 33 35 38 40 41 44 46 47 1
2 4 6 8 10 11 14 16 17 20 22 23 25 27 29 32 34 35 37 39 41 44 46 48 1
2 4 6 8 9 11 14 15 17 20 22 23 26 27 29 32 34 35 38 40 42 44 46 48 1
2 3 5 8 10 12 14 15 17 19 21 23 25 27 29 32 34 35 38 40 41 44 46 47 1
2 4 5 7 9 11 14 15 17 20 22 24 26 28 29 32 34 35 38 40 42 44 45 47 1
2 4 5 7 9 11 13 15 17 20 22 23 26 28 30 31 33 35 37 39 41 44 45 47 1
2 4 5 8 9 11 14 16 18 20 22 24 26 27 29 32 34 36 38 40 41 44 46 47 1
2 4 5 8 10 11 14 16 17 19 21 23 25 27 29 32 34 35 37 39 41 44 46 48 1
1 3 5 8 9 11 14 15 17 20 22 24 26 28 29 32 34 35 38 39 41 43 45 47 1
2 4 6 8 9 11 14 15 17 20 22 23 26 28 29 32 33 35 38 39 41 44 46 47 1
2 4 5 8 9 11 14 16 17 20 22 24 26 27 29 32 34 35 38 39 41 44 46 47 1
2 4 5 8 10 11 14 16 17 20 22 24 25 27 29 32 34 36 38 40 42 44 45 47 1
1 3 5 8 9 11 14 15 17 20 22 23 26 28 29 32 34 35 38 40 41 44 45 47 1
1 3 5 8 9 11 14 15 17 20 21 23 26 27 29 32 34 35 38 40 42 43 45 47 1
2 3 5 8 10 11 14 16 17 20 21 23 26 27 29 31 33 35 38 40 42 43 45 47 1
2 4 5 8 10 11 14 15 17 20 22 23 26 27 29 31 33 35 37 39 41 43 45 47 1
2 3 5 7 9 11 13 15 17 20 21 23 26 28 30 31 33 35 38 40 41 43 45 47 1
1 3 5 8 10 12 14 16 17 20 22 24 25 27 29 32 34 36 38 40 41 44 45 47 1
1 3 5 8 9 11 13 15 17 20 21 23 26 28 29 31 33 35 37 39 41 43 45 47 1
1 3 5 8 9 11 14 15 17 20 21 23 26 28 29 31 33 35 38 40 41 43 45 47 1
2 3 5 8 10 11 14 16 18 20 21 23 26 27 29 32 33 35 38 40 42 44 46 47 1
2 4 5 8 10 12 14 16 17 19 21 23 25 27 29 32 34 35 38 39 41 44 45 47 1
2 4 6 8 10 11 14 16 18 19 21 23 25 27 29 32 33 35 38 40 42 44 46 48 1
2 3 5 7 9 11 14 15 17 20 22 24 26 28 29 32 33 35 37 39 41 43 45 47 1
2 4 6 8 10 11 14 16 17 19 21 23 25 27 29 32 33 35 38 40 42 44 46 48 1
1 3 5 8 10 11 14 16 17 20 22 23 25 27 29 32 34 35 38 40 42 44 46 47 1
2 4 6 8 10 11 14 16 18 19 21 23 25 27 29 32 34 35 37 39 41 44 46 48 1
2 3 5 8 10 11 14 16 17 20 21 23 26 27 29 32 34 35 38 40 42 44 46 47 1
2 3 5 8 9 11 14 16 17 20 22 24 26 27 29 32 34 36 38 40 42 44 45 47 1
2 3 5 8 9 11 14 15 17 20 22 23 26 28 29 32 33 35 38 40 41 44 46 47 1
2 4 6 8 10 11 14 16 17 20 22 23 26 27 29 32 34 35 38 40 42 44 46 47 1
1 3 5 8 10 12 13 15 17 19 21 23 25 27 29 32 34 36 38 40 42 44 46 48 1
2 3 5 8 10 11 14 15 17 20 22 24 26 27 29 32 33 35 37 39 41 44 45 47 1
1 3 5 7 9 11 13 15 17 20 21 23 26 28 30 31 33 35 37 39 41 43 45 47 1
2 4 5 8 10 12 14 16 17 20 22 24 25 27 29 32 33 35 38 39 41 44 46 47 1
2 4 6 8 9 11 14 15 17 20 21 23 26 28 29 31 33 35 38 40 41 44 45 47 1
2 4 6 8 10 11 14 15 17 20 22 23 26 27 29 31 33 35 38 40 41 44 46 48 1
2 4 5 8 10 11 14 16 17 20 22 23 25 27 29 32 34 36 38 40 42 44 46 48 1
2 4 6 8 10 11 14 16 17 20 22 24 25 27 29 32 33 35 38 40 41 44 46 47 1
1 3 5 8 10 11 14 16 18 19 21 23 25 27 29 32 34 36 38 39 41 44 46 47 1
2 4 5 8 9 11 14 16 17 20 22 23 26 28 29 32 34 35 37 39 41 44 46 47 1
2 3 5 8 10 12 14 16 17 20 22 24 25 27 29 32 34 35 38 39 41 44 45 47 1
2 4 5 8 9 11 14 15 17 20 21 23 26 28 29 32 33 35 37 39 41 43 45 47 1
2 3 5 8 10 11 14 15 17 20 21 23 26 27 29 32 33 35 37 39 41 43 45 47 0
2 3 5 7 9 11 13 15 17 20 21 23 26 28 30 31 33 35 37 39 41 43 45 47 0
1 3 5 7 9 11 14 16 17 20 21 23 26 28 29 31 33 35 37 39 41 44 46 47 0
1 3 5 7 9 11 13 15 17 20 21 23 26 28 30 31 33 35 37 39 41 43 45 47 0
2 4 6 8 9 11 14 15 17 20 22 23 26 28 29 32 33 35 37 39 41 44 46 47 0
2 4 6 8 10 12 14 15 17 19 21 23 25 27 29 31 33 35 38 40 41 44 45 47 0
1 3 5 8 10 12 14 16 17 20 22 23 25 27 29 32 33 35 38 39 41 44 46 47 0
2 3 5 7 9 11 13 15 17 20 21 23 26 28 30 31 33 35 38 39 41 43 45 47 0
1 3 5 8 10 11 14 16 18 19 21 23 25 27 29 32 34 35 38 40 42 44 46 47 0
2 4 6 8 10 11 14 16 18 20 22 24 25 27 29 32 34 36 38 40 42 44 46 48 0
2 4 6 8 9 11 14 15 17 20 22 23 26 28 29 32 33 35 37 39 41 44 46 47 0
2 4 5 8 9 11 13 15 17 20 21 23 26 28 29 31 33 35 38 40 41 44 45 47 0
1 3 5 8 10 12 13 15 17 19 21 23 25 27 29 32 34 36 38 40 42 44 46 47 0
1 3 5 7 9 11 13 15 17 20 21 23 26 28 30 31 33 35 37 39 41 43 45 47 0
2 4 6 7 9 11 14 16 18 20 22 24 25 27 29 32 34 36 38 40 41 44 46 48 0
2 4 5 7 9 11 13 15 17 20 21 23 26 28 30 31 33 35 38 39 41 44 45 47 0
2 4 5 8 9 11 13 15 17 20 21 23 26 28 29 31 33 35 38 39 41 44 45 47 0
2 4 6 8 10 11 14 16 18 19 21 23 25 27 29 31 33 35 38 39 41 44 46 48 0
2 3 5 7 9 11 13 15 17 20 21 23 26 28 30 31 33 35 37 39 41 43 45 47 0
2 4 5 8 10 12 14 15 17 19 21 23 25 27 29 32 34 36 37 39 41 44 45 47 0
2 4 6 8 10 12 14 16 17 20 22 23 26 27 29 31 33 35 38 40 42 44 46 47 0
2 3 5 7 9 11 14 15 17 20 22 24 26 28 29 32 33 35 38 40 42 43 45 47 0
1 3 5 8 10 12 14 16 17 20 22 23 25 27 29 32 33 35 38 40 42 44 46 48 0
2 4 6 8 10 12 13 15 17 20 22 24 25 27 29 32 34 36 38 40 42 44 46 48 0
2 4 6 8 9 11 14 15 17 20 21 23 26 28 29 31 33 35 38 40 42 44 45 47 0
2 4 6 8 10 11 14 16 18 20 22 24 25 27 29 32 34 36 38 40 42 44 46 48 0
2 4 6 8 9 11 14 15 17 20 22 24 26 28 29 32 33 35 38 40 41 44 45 47 0
2 3 5 7 9 11 13 15 17 20 21 23 26 28 30 32 33 35 38 39 41 43 45 47 1
2 3 5 8 9 11 14 16 18 20 22 24 26 27 29 32 34 36 37 39 41 44 45 47 1
2 4 6 8 10 11 14 16 18 19 21 23 25 27 29 32 34 35 37 39 41 44 46 48 1
2 4 5 7 9 11 13 15 17 20 21 23 26 28 30 31 33 35 38 39 41 43 45 47 1
2 3 5 7 9 11 13 15 17 20 21 23 26 28 30 31 33 35 37 39 41 43 45 47 1
2 4 5 8 10 11 14 15 17 20 22 24 26 27 29 32 34 35 38 39 41 44 45 47 1
2 3 5 8 9 11 14 16 18 19 21 23 25 27 29 32 34 36 38 40 42 44 46 48 1
1 3 5 8 10 12 13 15 17 20 21 23 26 27 29 32 33 35 38 40 42 43 45 47 1
1 3 5 8 10 11 14 16 17 20 22 24 25 27 29 32 34 35 38 39 41 44 45 47 1
2 3 5 8 9 11 13 15 17 20 22 23 26 28 29 31 33 35 38 40 41 43 45 47 1
1 3 5 7 9 11 14 15 17 20 22 23 26 28 29 32 33 35 37 39 41 43 45 47 1
2 4 6 8 9 11 14 16 18 20 22 24 25 27 29 32 34 35 38 40 41 44 46 48 1
1 3 5 8 10 12 14 15 17 19 21 23 25 27 29 32 33 35 37 39 41 43 45 47 1
2 4 6 8 10 11 14 16 17 20 22 23 26 27 29 31 33 35 38 40 42 44 46 48 1
2 4 6 8 10 12 14 15 17 19 21 23 25 27 29 32 33 35 38 39 41 44 46 47 1
2 4 5 8 10 11 14 16 18 19 21 23 25 27 29 32 34 35 38 39 41 44 46 47 1
2 4 5 8 10 12 14 15 17 20 22 23 25 27 29 32 34 35 38 39 41 43 45 47 1
2 4 5 8 10 12 14 16 17 19 21 23 25 27 29 32 34 36 37 39 41 44 46 48 1
2 4 6 8 9 11 14 16 18 19 21 23 25 27 29 32 34 36 38 39 41 44 46 48 1
1 3 5 8 10 12 13 15 17 19 21 23 25 27 29 31 33 35 38 39 41 44 46 48 1
2 4 5 8 10 12 14 16 17 19 21 23 25 27 29 32 34 35 37 39 41 44 45 47 1
1 3 5 7 9 11 14 16 17 20 21 23 26 28 29 32 33 35 38 40 42 44 45 47 1
2 4 5 8 10 12 14 16 17 20 22 23 25 27 29 31 33 35 38 40 41 44 45 47 1
2 3 5 8 9 11 14 16 17 20 22 24 26 27 29 32 34 36 38 40 41 44 45 47 1
1 3 5 7 9 11 13 15 17 20 21 23 26 28 30 31 33 35 38 40 41 44 45 47 1
2 3 5 8 9 11 14 16 18 20 21 23 26 27 29 32 34 36 38 40 42 44 45 47 1
2 4 5 8 9 11 13 15 17 20 21 23 26 28 29 31 33 35 38 40 41 44 46 47 1
2 4 5 7 9 11 14 16 18 20 21 23 26 27 29 32 34 35 38 40 41 44 45 47 1
2 4 5 7 9 11 13 15 17 20 21 23 26 28 30 31 33 35 37 39 41 43 45 47 1
2 3 5 8 10 12 14 16 17 19 21 23 25 27 29 31 33 35 38 39 41 43 45 47 1
1 3 5 8 10 11 14 16 18 20 21 23 25 27 29 32 34 35 38 40 42 44 45 47 1
1 3 5 7 9 11 13 15 17 20 21 23 26 28 30 31 33 35 37 39 41 43 45 47 1
2 3 5 8 10 11 14 16 18 20 21 23 25 27 29 32 34 35 38 40 42 44 46 48 1
1 3 5 7 9 11 14 16 17 20 22 23 26 28 29 32 34 35 37 39 41 43 45 47 1
1 3 5 8 10 12 14 16 17 20 22 24 25 27 29 32 34 35 37 39 41 44 45 47 1
2 3 5 7 9 11 13 15 17 20 21 23 26 28 30 31 33 35 37 39 41 43 45 47 1
1 3 5 8 10 11 14 16 17 20 21 23 26 27 29 32 34 35 38 39 41 44 45 47 1
1 3 5 8 9 11 13 15 17 20 21 23 26 28 29 31 33 35 38 40 41 44 45 47 1
2 4 6 8 9 11 14 16 18 19 21 23 25 27 29 32 34 36 38 40 41 44 46 48 1
2 4 5 8 9 11 14 16 18 20 22 23 26 27 29 32 34 35 38 40 41 44 46 47 1
2 4 5 8 9 11 14 16 18 20 22 24 26 27 29 32 34 36 38 40 41 44 46 47 1
2 4 6 8 9 11 14 16 18 20 21 23 25 27 29 32 33 35 38 39 41 44 46 48 1
1 3 5 8 10 11 14 16 18 20 22 23 25 27 29 31 33 35 38 40 42 44 45 47 1
2 3 5 8 10 12 14 16 17 19 21 23 25 27 29 32 34 36 37 39 41 44 45 47 1
2 4 6 8 10 11 14 16 17 20 22 24 25 27 29 32 34 36 37 39 41 44 46 48 1
2 4 6 8 10 11 14 16 18 20 22 24 25 27 29 32 34 35 38 39 41 44 46 47 1
2 3 5 7 9 11 13 15 17 20 21 23 26 28 30 31 33 35 37 39 41 43 45 47 1
2 4 6 8 10 11 14 16 17 20 22 24 25 27 29 32 33 35 38 40 41 44 46 48 1
1 3 5 8 10 12 13 15 17 19 21 23 25 27 29 31 33 35 38 40 41 44 46 48 1
2 4 5 8 10 12 14 15 17 19 21 23 25 27 29 31 33 35 38 39 41 44 46 48 1
2 4 6 8 10 11 14 16 18 19 21 23 25 27 29 32 34 35 38 40 42 44 46 48 0
2 4 5 8 10 12 13 15 17 19 21 23 25 27 29 32 34 35 38 40 42 44 46 47 0
2 4 6 8 10 12 14 16 17 19 21 23 25 27 29 31 33 35 37 39 41 44 46 48 0
1 3 5 7 9 11 13 15 17 20 21 23 26 28 30 31 33 35 38 39 41 43 45 47 0
2 4 5 7 9 11 13 15 17 20 21 23 26 28 30 31 33 35 38 40 42 44 45 47 0
1 3 5 8 9 11 14 15 17 20 22 24 26 27 29 32 34 36 38 40 42 44 45 47 0
2 4 6 8 9 11 14 15 17 20 21 23 26 28 29 32 33 35 38 40 41 44 46 47 0
2 4 6 8 10 12 14 15 17 19 21 23 25 27 29 32 34 35 38 40 41 44 45 47 0
2 4 5 7 9 11 14 16 18 20 22 24 26 27 29 32 34 36 38 40 42 44 46 47 0
2 3 5 8 10 12 13 15 17 19 21 23 25 27 29 32 33 35 38 39 41 44 46 47 0
1 3 5 8 10 12 13 15 17 19 21 23 25 27 29 32 34 36 38 40 42 44 45 47 0
2 4 6 8 10 12 13 15 17 19 21 23 25 27 29 32 34 36 38 40 42 44 46 48 0
2 3 5 7 9 11 13 15 17 20 21 23 26 28 30 31 33 35 37 39 41 43 45 47 0
2 4 6 8 10 12 14 16 17 19 21 23 25 27 29 32 33 35 38 39 41 44 46 48 0
2 4 6 8 9 11 14 15 17 20 22 24 26 28 29 32 33 35 38 40 41 44 45 47 0
2 4 5 8 10 12 14 16 17 19 21 23 25 27 29 32 34 35 38 39 41 44 46 48 0
2 3 5 8 9 11 14 15 17 20 22 23 26 28 29 31 33 35 37 39 41 44 45 47 0
2 3 5 8 9 11 14 16 18 20 22 24 25 27 29 32 34 36 38 40 42 44 46 47 0
1 3 5 8 10 12 14 15 17 20 22 24 25 27 29 32 34 35 38 40 42 43 45 47 0
2 4 6 7 9 11 13 15 17 20 21 23 26 28 30 31 33 35 38 40 41 44 45 47 0
2 3 5 8 10 11 14 16 18 19 21 23 25 27 29 32 33 35 38 39 41 44 46 48 0
1 3 5 8 9 11 14 16 17 20 22 24 26 27 29 32 33 35 38 40 42 44 46 47 0
2 4 5 8 10 11 14 16 18 19 21 23 25 27 29 32 34 36 37 39 41 44 45 47 0
2 4 5 7 9 11 13 15 17 20 21 23 26 28 30 31 33 35 37 39 41 44 45 47 0
2 3 5 8 10 11 14 15 17 20 22 23 26 27 29 32 34 35 38 40 41 43 45 47 0
1 3 5 8 9 11 13 15 17 20 22 23 26 28 29 31 33 35 38 39 41 44 46 47 0
2 4 6 8 9 11 14 16 18 20 22 24 25 27 29 32 34 36 38 40 42 44 46 48 0
2 4 5 8 10 12 14 15 17 19 21 23 25 27 29 32 33 35 37 39 41 44 46 48 1
2 4 6 8 9 11 14 15 17 20 22 24 26 28 29 32 34 35 38 40 41 44 46 47 1
2 4 5 8 10 11 14 16 17 19 21 23 25 27 29 31 33 35 38 40 42 44 46 48 1
2 4 5 8 10 11 14 16 18 19 21 23 25 27 29 32 34 35 38 40 41 44 46 47 1
2 4 6 8 10 11 14 16 18 20 22 24 25 27 29 32 34 36 38 40 41 44 46 47 1
2 4 5 8 10 11 14 16 17 20 22 24 25 27 29 32 34 36 37 39 41 44 46 48 1
1 3 5 8 10 12 14 16 17 20 22 23 25 27 29 32 34 36 38 39 41 44 45 47 1
2 4 5 8 9 11 13 15 17 20 22 23 26 28 29 32 34 35 38 40 41 44 45 47 1
2 4 5 8 10 12 14 16 17 19 21 23 25 27 29 32 34 36 38 40 42 44 45 47 1
2 4 6 8 10 12 14 15 17 19 21 23 25 27 29 32 33 35 37 39 41 44 46 48 1
2 3 5 8 9 11 14 16 17 20 22 23 26 27 29 32 34 36 38 40 41 44 45 47 1
1 3 5 7 9 11 13 15 17 20 21 23 26 28 30 31 33 35 37 39 41 43 45 47 1
2 4 5 8 10 12 13 15 17 20 22 24 25 27 29 32 34 36 38 40 42 44 46 48 1
2 4 6 7 9 11 14 15 17 20 22 23 26 28 29 32 33 35 37 39 41 44 46 48 1
1 3 5 8 10 11 13 15 17 20 22 24 26 27 29 32 34 36 38 39 41 44 45 47 1
1 3 5 7 9 11 13 15 17 20 21 23 26 28 30 31 33 35 37 39 41 43 45 47 1
2 4 6 8 10 12 13 15 17 19 21 23 25 27 29 32 34 36 38 39 41 44 46 48 1
2 3 5 8 10 11 14 16 18 20 22 24 25 27 29 32 34 36 37 39 41 44 46 47 1
2 3 5 7 9 11 13 15 17 20 22 23 26 28 30 31 33 35 37 39 41 43 45 47 1
2 3 5 8 9 11 14 16 18 20 22 23 26 27 29 32 34 35 38 40 41 44 46 47 1
1 3 5 7 9 11 13 15 17 20 22 24 26 28 30 32 33 35 38 39 41 43 45 47 1
2 4 5 7 9 11 13 15 17 20 21 23 26 28 30 31 33 35 37 39 41 44 45 47 1
2 3 5 8 9 11 14 16 17 20 22 24 26 27 29 32 34 36 38 40 42 44 45 47 1
2 4 6 8 9 11 14 16 18 19 21 23 25 27 29 32 34 36 38 40 42 44 46 48 1
2 4 6 8 9 11 14 16 17 20 22 24 26 27 29 32 34 35 38 40 41 44 45 47 1
1 3 5 8 10 12 14 16 17 19 21 23 25 27 29 32 33 35 38 40 41 44 46 47 1
2 4 5 8 9 11 14 16 18 20 22 24 25 27 29 32 34 36 38 40 42 44 46 47 1
2 4 6 8 10 12 13 15 17 19 21 23 25 27 29 31 33 35 38 39 41 44 46 48 1
2 3 5 7 9 11 13 15 17 20 21 23 26 28 30 31 33 35 38 40 41 43 45 47 1
1 3 5 7 9 11 13 15 17 20 22 23 26 28 30 32 33 35 38 39 41 43 45 47 1
2 4 5 8 10 11 13 15 17 20 22 23 26 28 29 32 33 35 38 40 41 43 45 47 1
2 3 5 8 10 11 14 16 18 19 21 23 25 27 29 31 33 35 38 39 41 43 45 47 1
1 3 5 7 9 11 13 15 17 20 21 23 26 28 30 31 33 35 37 39 41 43 45 47 1
2 3 5 8 10 12 14 16 17 20 22 24 25 27 29 32 33 35 37 39 41 44 46 47 1
2 3 5 7 9 11 13 15 17 20 22 24 26 28 30 32 33 35 38 40 42 43 45 47 1
2 3 5 8 9 11 14 15 17 20 22 23 26 28 29 32 33 35 38 39 41 43 45 47 1
2 4 6 8 10 11 14 16 18 19 21 23 25 27 29 32 33 35 37 39 41 44 46 48 1
2 3 5 8 10 11 14 16 18 20 22 24 26 27 29 32 34 36 38 40 41 44 45 47 1
2 3 5 8 9 11 14 15 17 20 22 23 26 28 29 32 34 35 38 40 41 44 45 47 1
2 3 5 8 9 11 14 15 17 20 22 24 26 28 29 31 33 35 37 39 41 44 45 47 1
2 3 5 8 10 12 14 16 17 20 22 23 25 27 29 32 34 35 38 40 41 44 45 47 1
2 3 5 8 9 11 14 16 18 20 22 24 26 27 29 32 34 35 38 40 42 44 45 47 1
2 3 5 8 10 12 14 16 17 20 21 23 25 27 29 32 34 35 38 40 42 44 45 47 1
2 4 5 8 10 12 14 16 17 19 21 23 25 27 29 32 33 35 38 40 41 44 46 48 1
2 3 5 8 9 11 14 15 17 20 22 23 26 28 29 32 33 35 38 39 41 44 45 47 1
2 3 5 8 10 11 14 16 18 20 22 24 25 27 29 32 34 35 38 40 41 44 46 48 1
1 3 5 8 9 11 14 16 18 19 21 23 25 27 29 31 33 35 37 39 41 44 45 47 1
2 4 6 8 10 11 14 16 17 19 21 23 25 27 29 32 34 36 38 40 42 44 46 48 1
2 4 6 8 10 11 14 16 17 20 22 24 25 27 29 32 34 36 38 39 41 44 45 47 1
2 4 6 8 10 11 14 16 18 19 21 23 25 27 29 32 34 36 38 40 42 44 46 47 1
2 4 5 8 10 11 14 15 17 19 21 23 25 27 29 32 34 35 38 40 41 44 46 48 0
2 4 6 8 10 12 14 16 17 19 21 23 25 27 29 32 34 35 38 40 42 44 46 48 0
2 4 5 7 9 11 14 15 17 20 21 23 26 28 30 31 33 35 38 40 41 44 46 47 0
2 4 6 8 10 12 14 15 17 20 22 23 25 27 29 32 33 35 38 40 41 44 46 48 0
2 4 5 7 9 11 14 15 17 20 22 24 26 28 29 32 34 35 38 40 41 43 45 47 0
2 4 6 8 10 11 14 16 18 19 21 23 25 27 29 32 34 36 38 40 41 44 46 48 0
2 4 6 8 9 11 14 15 17 20 22 24 26 28 29 32 34 35 38 39 41 44 46 47 0
2 3 5 8 9 11 13 15 17 20 21 23 26 28 29 31 33 35 38 40 41 43 45 47 0
2 3 5 7 9 11 13 15 17 20 21 23 26 28 30 31 33 35 37 39 41 43 45 47 0
2 4 6 8 10 11 14 16 17 20 22 24 25 27 29 32 34 36 38 40 41 44 46 47 0
2 4 5 8 9 11 13 15 17 20 21 23 26 28 29 31 33 35 38 40 41 44 46 47 0
1 3 5 7 9 11 14 15 17 20 21 23 26 28 29 32 33 35 38 39 41 44 46 47 0
1 3 5 8 10 11 14 15 17 20 21 23 26 27 29 32 33 35 38 39 41 44 45 47 0
2 4 5 8 10 11 14 16 17 20 21 23 26 27 29 32 33 35 38 40 42 44 45 47 0
1 3 5 8 10 11 13 15 17 20 22 23 26 28 29 32 33 35 38 39 41 43 45 47 0
2 3 5 7 9 11 13 15 17 20 21 23 26 28 30 31 33 35 37 39 41 43 45 47 0
2 3 5 7 9 11 14 16 17 20 22 24 26 28 29 32 34 36 37 39 41 43 45 47 0
2 4 5 8 10 12 14 16 17 20 21 23 25 27 29 32 34 35 38 40 41 44 46 47 0
1 3 5 8 9 11 13 15 17 20 21 23 26 28 30 31 33 35 38 40 41 43 45 47 0
2 4 6 8 10 12 14 16 17 20 21 23 25 27 29 32 33 35 38 40 42 44 45 47 0
2 3 5 7 9 11 13 15 17 20 21 23 26 28 30 31 33 35 37 39 41 43 45 47 0
2 3 5 7 9 11 13 15 17 20 21 23 26 28 30 31 33 35 37 39 41 44 45 47 0
2 4 6 8 9 11 13 15 17 20 22 23 26 28 29 31 33 35 38 40 42 43 45 47 0
1 3 5 7 9 11 13 15 17 20 21 23 26 28 30 31 33 35 38 40 42 43 45 47 0
1 3 5 7 9 11 13 15 17 20 21 23 26 28 30 31 33 35 37 39 41 43 45 47 0
2 3 5 8 10 12 14 15 17 20 22 23 25 27 29 32 33 35 37 39 41 43 45 47 0
1 3 5 8 10 11 14 16 18 20 22 24 25 27 29 32 34 35 38 40 42 44 46 48 0
2 3 5 8 10 11 14 16 18 20 22 24 25 27 29 32 34 36 38 39 41 44 46 47 1
2 4 6 7 9 11 14 15 17 20 22 24 26 28 30 31 33 35 37 39 41 44 46 48 1
2 3 5 8 9 11 14 16 17 20 22 24 26 27 29 32 34 36 38 40 42 44 45 47 1
1 3 5 8 10 11 14 16 18 19 21 23 25 27 29 31 33 35 38 40 42 44 46 47 1
1 3 5 8 10 12 14 16 17 19 21 23 25 27 29 32 34 35 38 40 42 44 46 47 1
2 3 5 7 9 11 14 16 17 20 21 23 26 28 29 32 33 35 38 40 41 44 45 47 1
2 3 5 8 9 11 14 16 17 20 22 23 26 27 29 32 34 36 37 39 41 44 46 47 1
2 3 5 8 10 11 14 16 17 20 22 23 26 27 29 32 33 35 38 39 41 44 45 47 1
1 3 5 8 9 11 14 15 17 20 22 24 26 28 29 32 33 35 37 39 41 43 45 47 1
2 4 5 8 9 11 13 15 17 20 21 23 26 28 29 31 33 35 38 40 42 44 46 47 1
1 3 5 7 9 11 13 15 17 20 21 23 26 28 30 31 33 35 38 39 41 43 45 47 1
2 4 5 8 9 11 14 16 18 19 21 23 25 27 29 32 34 36 38 39 41 44 46 47 1
2 4 5 8 10 11 14 16 17 19 21 23 25 27 29 31 33 35 38 39 41 44 46 48 1
2 3 5 8 10 11 14 16 17 20 22 24 26 27 29 32 33 35 38 40 42 44 46 47 1
2 4 5 8 9 11 14 16 17 20 22 23 26 27 29 32 33 35 38 39 41 44 45 47 1
2 4 5 7 9 11 13 15 17 20 22 23 26 28 30 31 33 35 38 40 42 44 45 47 1
2 3 5 8 10 12 14 16 17 20 22 23 25 27 29 32 34 35 37 39 41 44 45 47 1
2 4 5 8 10 11 14 16 18 20 22 23 25 27 29 32 34 35 38 40 41 44 46 47 1
2 4 6 8 9 11 14 16 18 19 21 23 25 27 29 32 33 35 38 39 41 44 46 48 1
2 4 5 7 9 11 13 15 17 20 21 23 26 28 30 31 33 35 38 40 41 44 45 47 1
1 3 5 8 10 12 14 16 17 19 21 23 25 27 29 32 34 36 38 39 41 44 45 47 1
2 3 5 7 9 11 13 15 17 20 22 23 26 28 30 32 34 35 38 40 41 43 45 47 1
2 3 5 7 9 11 14 15 17 20 22 23 26 28 30 32 33 35 38 40 42 44 45 47 1
1 3 5 7 9 11 13 15 17 20 22 24 26 28 30 32 33 35 38 40 42 44 45 47 1
2 3 5 8 9 11 14 16 18 20 22 24 26 27 29 32 34 35 38 40 41 44 46 47 1
2 3 5 7 9 11 14 16 18 20 22 24 26 27 29 32 34 35 38 39 41 44 46 47 1
2 4 5 8 9 11 14 16 18 19 21 23 25 27 29 32 34 36 38 40 41 44 46 48 1
2 3 5 8 9 11 14 15 17 20 22 23 26 28 29 32 34 35 38 39 41 43 45 47 1
1 3 5 7 9 11 14 15 17 20 22 23 26 28 29 32 34 36 38 39 41 43 45 47 1
1 3 5 8 9 11 14 16 17 20 22 24 26 27 29 32 34 35 38 39 41 44 45 47 1
2 4 6 8 10 12 14 16 17 19 21 23 25 27 29 31 33 35 37 39 41 44 46 48 1
2 4 6 8 10 11 14 16 18 19 21 23 25 27 29 32 34 36 38 40 42 44 46 47 1
2 4 5 8 10 12 14 16 18 19 21 23 25 27 29 32 33 35 38 39 41 44 46 48 1
2 3 5 8 10 12 14 16 17 19 21 23 25 27 29 32 34 35 38 39 41 44 45 47 1
2 4 5 8 9 11 14 16 18 20 21 23 26 27 29 32 33 35 38 40 41 44 45 47 1
2 3 5 7 9 11 13 15 17 20 21 23 26 28 30 31 33 35 38 39 41 43 45 47 1
1 3 5 7 9 11 14 15 17 20 22 24 26 28 29 32 34 36 38 40 41 43 45 47 1
2 4 5 8 9 11 14 15 17 20 22 23 26 28 29 32 33 35 38 40 41 44 45 47 1
2 4 6 8 10 12 14 16 17 20 22 24 25 27 29 32 34 35 38 39 41 44 46 47 1
1 3 5 7 9 11 14 15 17 20 22 23 26 28 30 32 33 35 38 40 41 43 45 47 1
1 3 5 8 10 11 14 15 17 20 22 24 26 27 29 32 33 35 38 39 41 44 46 48 1
2 3 5 8 9 11 14 15 17 20 21 23 26 28 29 32 33 35 38 40 42 43 45 47 1
2 3 5 8 9 11 14 16 18 20 22 24 26 27 29 32 34 36 38 39 41 44 45 47 1
2 4 6 7 9 11 14 15 17 20 22 24 26 28 29 32 34 35 37 39 41 44 46 48 1
2 4 6 8 10 11 14 16 18 19 21 23 25 27 29 32 34 35 38 39 41 44 46 48 1
2 3 5 8 10 11 14 16 18 20 22 23 25 27 29 32 34 35 38 40 42 44 45 47 1
1 3 5 8 9 11 14 16 17 20 22 24 26 27 29 32 34 35 38 39 41 44 45 47 1
2 3 5 7 9 11 14 16 18 20 22 24 26 27 29 32 34 36 38 40 41 44 45 47 1
2 4 5 8 10 12 13 15 17 19 21 23 25 27 29 32 34 35 38 39 41 44 46 47 1
2 3 5 8 10 12 14 16 17 20 22 23 25 27 29 32 34 35 37 39 41 44 45 47 1
2 4 5 8 9 11 13 15 17 20 21 23 26 28 29 31 33 35 37 39 41 43 45 47 0
1 3 5 7 9 11 13 15 17 20 21 23 26 28 30 31 33 35 38 40 42 43 45 47 0
2 4 6 8 10 12 13 15 17 20 22 23 25 27 29 32 33 35 37 39 41 44 46 47 0
2 4 6 8 10 11 14 16 17 20 22 24 25 27 29 32 33 35 38 40 42 44 46 48 0
1 3 5 8 10 12 14 16 17 20 22 23 25 27 29 32 34 35 38 40 41 43 45 47 0
2 3 5 7 9 11 14 15 17 20 22 24 26 28 30 31 33 35 38 40 41 43 45 47 0
2 4 6 8 9 11 14 15 17 20 21 23 26 28 29 31 33 35 38 40 42 44 46 47 0
2 4 6 8 9 11 14 15 17 20 22 23 26 28 29 31 33 35 37 39 41 44 46 47 0
2 3 5 8 10 12 14 16 17 19 21 23 25 27 29 32 33 35 38 40 42 44 46 48 0
2 4 5 8 9 11 14 15 17 20 22 23 26 28 29 31 33 35 38 39 41 43 45 47 0
2 4 6 8 9 11 14 15 17 20 22 23 26 28 29 32 33 35 37 39 41 44 46 47 0
2 3 5 7 9 11 14 15 17 20 22 23 26 28 30 32 33 35 38 40 42 43 45 47 0
1 3 5 8 9 11 13 15 17 20 22 23 26 28 29 32 34 35 38 39 41 43 45 47 0
2 4 6 8 9 11 14 16 18 20 22 24 25 27 29 32 34 36 38 39 41 44 46 48 0
2 3 5 8 9 11 14 15 17 20 21 23 26 28 29 31 33 35 38 40 42 44 46 47 0
2 4 6 8 10 11 14 16 17 19 21 23 25 27 29 32 34 35 37 39 41 44 46 48 0
2 4 6 8 10 11 14 15 17 20 22 24 25 27 29 32 34 36 38 39 41 44 46 48 0
2 4 5 8 10 12 14 15 17 19 21 23 25 27 29 32 33 35 38 40 42 44 45 47 0
1 3 5 8 9 11 14 16 18 20 22 24 26 27 29 32 33 35 38 40 42 44 46 47 0
2 4 6 8 10 12 14 15 17 19 21 23 25 27 29 32 34 35 37 39 41 44 46 47 0
1 3 5 7 9 11 13 15 17 20 22 24 26 28 29 32 34 36 38 40 41 44 45 47 0
2 4 5 8 10 11 14 16 17 19 21 23 25 27 29 32 34 35 38 40 41 44 46 48 0
2 3 5 8 10 11 14 15 17 20 21 23 26 27 29 31 33 35 38 39 41 43 45 47 0
2 4 6 7 9 11 14 15 17 20 21 23 26 28 30 32 33 35 38 39 41 44 46 47 0
2 4 5 8 10 12 13 15 17 19 21 23 25 27 29 32 34 36 38 40 41 44 45 47 0
2 4 5 8 10 11 14 16 18 19 21 23 25 27 29 32 34 36 37 39 41 44 46 48 0
2 4 6 8 9 11 14 16 18 20 22 24 25 27 29 32 34 36 38 40 42 44 46 48 0
2 4 6 8 9 11 14 16 17 20 22 24 25 27 29 32 34 36 37 39 41 44 46 48 1
2 4 6 8 10 12 13 15 17 19 21 23 25 27 29 31 33 35 38 40 41 44 46 47 1
1 3 5 7 9 11 13 15 17 20 21 23 26 28 30 31 33 35 38 39 41 43 45 47 1
2 4 6 8 10 11 14 16 18 19 21 23 25 27 29 32 33 35 38 40 42 44 46 47 1
2 4 5 8 10 11 14 16 18 20 22 24 25 27 29 32 34 36 38 40 42 44 46 47 1
2 4 5 8 9 11 14 16 18 20 22 23 25 27 29 32 34 36 38 40 41 44 46 48 1
2 4 5 7 9 11 13 15 17 20 22 23 26 28 30 31 33 35 38 40 41 44 46 47 1
2 3 5 7 9 11 14 15 17 20 22 24 26 28 29 32 34 35 37 39 41 43 45 47 1
2 4 5 8 10 12 14 15 17 19 21 23 25 27 29 32 33 35 37 39 41 44 46 48 1
1 3 5 7 9 11 14 16 18 20 22 24 26 27 29 32 34 36 38 40 42 44 46 47 1
2 4 5 8 10 11 14 16 17 20 22 24 26 27 29 32 34 36 38 40 41 44 46 47 1
1 3 5 7 9 11 14 15 17 20 22 23 26 28 30 32 34 35 38 39 41 43 45 47 1
2 3 5 8 10 11 14 16 17 20 22 24 26 27 29 32 34 36 38 40 41 44 46 47 1
2 4 6 8 9 11 14 16 18 19 21 23 25 27 29 32 34 36 38 39 41 44 46 48 1
2 4 5 8 10 11 14 15 17 20 22 24 26 27 29 32 34 35 38 40 41 44 45 47 1
1 3 5 7 9 11 13 15 17 20 21 23 26 28 30 31 33 35 37 39 41 43 45 47 1
2 3 5 7 9 11 14 15 17 20 22 24 26 28 29 32 34 35 37 39 41 43 45 47 1
1 3 5 8 10 11 14 16 18 19 21 23 25 27 29 32 34 35 38 39 41 44 46 48 1
2 4 6 7 9 11 14 16 18 20 22 24 26 27 29 32 34 36 38 40 42 44 46 48 1
1 3 5 8 9 11 14 15 17 20 21 23 26 28 29 32 33 35 37 39 41 43 45 47 1
2 3 5 8 10 11 14 16 17 20 22 23 25 27 29 32 34 36 38 40 41 44 45 47 1
2 4 5 8 10 11 14 16 17 20 22 23 25 27 29 32 33 35 38 40 41 44 46 48 1
1 3 5 8 9 11 14 16 17 20 22 23 26 27 29 32 34 36 38 40 42 44 45 47 1
2 4 5 8 10 12 14 16 17 19 21 23 25 27 29 32 34 36 38 40 41 44 46 47 1
2 3 5 8 10 12 13 15 17 20 22 23 26 27 29 32 34 36 38 40 42 44 46 47 1
2 3 5 8 10 12 13 15 17 19 21 23 25 27 29 32 34 36 38 40 41 44 46 48 1
2 4 6 8 10 11 14 16 17 19 21 23 25 27 29 32 33 35 38 40 41 44 46 48 1
1 3 5 8 10 11 14 15 17 20 21 23 26 28 29 31 33 35 38 40 41 43 45 47 1
1 3 5 8 10 11 14 16 17 20 22 24 25 27 29 32 34 36 38 39 41 43 45 47 1
1 3 5 7 9 11 13 15 17 20 22 23 26 28 30 32 33 35 37 39 41 43 45 47 1
2 4 5 8 10 11 14 16 18 19 21 23 25 27 29 32 34 36 37 39 41 44 46 47 1
2 4 5 8 9 11 14 16 18 20 21 23 26 27 29 31 33 35 38 39 41 44 46 47 1
2 4 5 8 10 12 14 16 17 19 21 23 25 27 29 32 34 35 38 40 42 44 46 47 1
2 4 5 8 9 11 14 16 18 20 22 24 25 27 29 32 34 36 38 39 41 44 46 48 1
1 3 5 8 9 11 14 15 17 20 22 24 26 27 29 32 34 36 38 40 41 43 45 47 1
1 3 5 8 10 12 14 16 18 20 22 23 25 27 29 32 33 35 38 39 41 44 45 47 1
1 3 5 8 10 11 14 15 17 20 22 23 26 27 29 31 33 35 38 40 42 43 45 47 1
2 4 5 8 10 11 14 16 17 20 22 23 26 27 29 32 33 35 38 40 41 44 46 48 1
1 3 5 7 9 11 14 15 17 20 21 23 26 28 30 32 33 35 38 39 41 43 45 47 1
2 4 5 8 9 11 14 16 17 20 21 23 26 28 29 32 33 35 37 39 41 44 45 47 1
2 4 6 8 10 12 13 15 17 19 21 23 25 27 29 32 34 36 38 40 42 44 46 48 1
2 3 5 7 9 11 14 16 18 20 21 23 26 27 29 32 34 35 38 40 42 44 45 47 1
2 4 5 8 9 11 14 16 18 20 22 24 25 27 29 32 34 36 38 39 41 44 46 48 1
2 4 6 7 9 11 14 16 18 20 22 23 26 27 29 32 34 35 38 40 42 44 46 48 1
2 4 6 8 9 11 14 16 18 20 22 24 25 27 29 32 34 36 38 40 42 44 46 48 1
2 4 5 8 10 11 14 15 17 20 21 23 26 27 29 32 34 35 38 40 42 44 45 47 1
2 4 5 8 10 11 14 16 18 20 22 23 25 27 29 32 34 35 37 39 41 44 45 47 1
1 3 5 8 10 12 14 16 18 20 22 23 25 27 29 32 33 35 38 39 41 44 45 47 1
2 4 5 8 10 12 13 15 17 19 21 23 25 27 29 32 34 35 37 39 41 44 46 47 1
2 4 6 8 10 11 14 16 18 20 22 24 25 27 29 32 33 35 38 40 41 44 46 47 1
2 4 5 8 9 11 14 16 17 20 22 24 26 27 29 32 33 35 38 39 41 44 45 47 0
2 4 5 8 10 11 14 16 17 19 21 23 25 27 29 32 34 36 38 40 42 44 46 47 0
2 4 6 8 10 12 14 15 17 19 21 23 25 27 29 32 34 36 38 40 42 44 46 47 0
2 4 5 8 10 12 14 15 17 20 22 23 25 27 29 32 33 35 38 39 41 44 46 47 0
2 4 5 8 10 11 14 16 18 19 21 23 25 27 29 32 33 35 37 39 41 44 46 48 0
1 3 5 7 9 11 13 15 17 20 22 23 26 28 30 32 33 35 38 40 42 43 45 47 0
1 3 5 7 9 11 13 15 17 20 21 23 26 28 30 31 33 35 37 39 41 43 45 47 0
2 3 5 8 9 11 13 15 17 20 22 23 26 28 29 32 33 35 38 39 41 43 45 47 0
2 4 6 8 9 11 14 16 18 20 22 24 25 27 29 32 34 36 38 40 42 44 46 48 0
2 4 5 8 10 12 14 15 17 19 21 23 25 27 29 31 33 35 37 39 41 44 46 48 0
1 3 5 8 10 11 13 15 17 20 21 23 26 28 29 31 33 35 38 39 41 43 45 47 0
2 4 5 8 10 11 14 16 17 20 22 23 26 27 29 32 33 35 38 39 41 44 46 47 0
1 3 5 7 9 11 14 15 17 20 21 23 26 28 30 32 33 35 37 39 41 44 46 47 0
1 3 5 8 10 12 14 15 17 20 22 24 25 27 29 32 34 36 38 39 41 43 45 47 0
2 3 5 7 9 11 13 15 17 20 22 23 26 28 30 31 33 35 38 40 42 44 46 47 0
1 3 5 7 9 11 13 15 17 20 21 23 26 28 30 31 33 35 37 39 41 43 45 47 0
2 3 5 8 10 11 14 16 18 19 21 23 25 27 29 32 34 36 38 40 42 43 45 47 0
2 4 5 8 10 12 14 16 18 19 21 23 25 27 29 32 34 35 38 40 41 44 45 47 0
2 4 6 8 10 11 14 16 17 19 21 23 25 27 29 32 34 36 38 39 41 44 46 48 0
2 4 6 8 10 11 14 16 18 19 21 23 25 27 29 32 34 35 37 39 41 44 46 48 0
1 3 5 8 9 11 13 15 17 20 21 23 26 28 29 31 33 35 37 39 41 44 45 47 0
2 4 6 8 10 12 14 16 17 19 21 23 25 27 29 32 34 35 38 39 41 44 46 48 0
1 3 5 8 10 11 14 16 17 20 22 24 25 27 29 32 34 36 38 39 41 44 45 47 0
2 3 5 7 9 11 13 15 17 20 21 23 26 28 30 31 33 35 38 39 41 43 45 47 0
1 3 5 8 9 11 14 16 17 20 22 24 26 27 29 32 34 35 38 40 41 44 45 47 0
2 4 6 8 10 12 14 16 17 20 22 23 25 27 29 32 34 35 38 40 41 44 46 47 0
2 4 6 8 10 11 14 16 18 19 21 23 25 27 29 32 34 35 38 39 41 44 46 47 0
2 4 5 8 10 12 14 16 17 19 21 23 25 27 29 32 34 35 38 40 42 44 46 47 1
1 3 5 8 10 12 14 16 17 20 22 23 25 27 29 32 34 35 38 40 41 43 45 47 1
2 4 6 8 10 12 14 16 17 19 21 23 25 27 29 32 33 35 38 39 41 44 46 47 1
2 3 5 8 9 11 14 16 17 20 22 24 26 27 29 32 34 36 38 40 42 44 46 47 1
2 4 5 8 9 11 14 16 17 20 21 23 26 27 29 32 34 35 38 40 42 44 46 48 1
1 3 5 7 9 11 13 15 17 20 21 23 26 28 30 31 33 35 38 40 41 43 45 47 1
2 4 6 8 10 12 14 16 18 19 21 23 25 27 29 32 33 35 38 39 41 44 46 47 1
2 4 5 8 9 11 14 16 17 20 22 23 26 27 29 32 34 35 38 40 42 44 46 47 1
2 4 6 8 9 11 14 16 18 19 21 23 25 27 29 32 33 35 38 39 41 44 46 47 1
1 3 5 8 9 11 13 15 17 20 22 23 26 28 29 31 33 35 38 40 42 43 45 47 1
2 3 5 8 10 11 14 16 18 20 21 23 26 27 29 32 33 35 38 40 41 44 46 47 1
2 4 6 8 10 11 14 16 18 19 21 23 25 27 29 32 33 35 38 39 41 44 46 48 1
2 4 6 8 10 11 14 16 17 19 21 23 25 27 29 32 33 35 38 40 42 44 46 48 1
2 3 5 8 10 12 14 16 17 20 21 23 25 27 29 32 34 35 38 40 42 44 46 47 1
1 3 5 8 10 11 14 16 17 20 22 24 26 27 29 32 34 36 37 39 41 44 45 47 1
2 3 5 7 9 11 13 15 17 20 22 23 26 28 30 31 33 35 38 40 41 43 45 47 1
2 4 5 8 10 11 14 16 18 20 22 23 25 27 29 32 34 35 38 40 42 44 46 47 1
2 4 6 7 9 11 14 16 18 20 22 24 25 27 29 32 34 36 38 40 42 44 46 48 1
2 4 5 8 10 12 14 16 17 19 21 23 25 27 29 32 33 35 38 40 41 44 45 47 1
1 3 5 8 10 12 14 16 17 19 21 23 25 27 29 32 33 35 38 39 41 44 45 47 1
2 4 6 8 10 11 14 16 17 19 21 23 25 27 29 32 34 36 38 40 42 44 46 47 1
2 4 5 8 10 11 14 16 18 19 21 23 25 27 29 32 34 35 38 39 41 44 46 48 1
1 3 5 7 9 11 13 15 17 20 21 23 26 28 30 31 33 35 38 40 42 43 45 47 1
2 3 5 8 9 11 14 16 17 20 22 24 26 27 29 32 34 36 38 40 42 44 46 47 1
1 3 5 8 10 12 14 15 17 20 22 23 26 27 29 32 33 35 38 39 41 43 45 47 1
1 3 5 8 9 11 14 16 17 20 22 23 26 28 29 31 33 35 38 40 41 43 45 47 1
2 3 5 8 9 11 14 16 17 20 22 23 26 27 29 32 33 35 38 40 42 44 46 48 1
2 4 5 7 9 11 14 15 17 20 22 24 26 28 29 31 33 35 38 40 42 44 46 47 1
2 3 5 8 9 11 14 15 17 20 22 24 26 27 29 32 34 36 38 40 42 44 45 47 1
2 4 6 8 10 11 14 15 17 20 22 23 26 27 29 32 33 35 37 39 41 44 46 47 1
2 4 5 8 10 12 13 15 17 19 21 23 25 27 29 31 33 35 37 39 41 44 46 48 1
2 3 5 7 9 11 14 16 18 20 22 24 26 27 29 32 34 36 38 40 42 44 46 47 1
2 4 6 8 10 11 14 16 18 19 21 23 25 27 29 32 33 35 37 39 41 44 46 47 1
2 3 5 8 10 12 14 16 17 20 22 23 25 27 29 32 33 35 38 40 41 44 45 47 1
1 3 5 8 10 12 13 15 17 19 21 23 25 27 29 32 34 36 38 40 41 44 46 47 1
1 3 5 8 10 12 14 16 17 19 21 23 25 27 29 32 33 35 38 40 42 44 46 47 1
2 3 5 8 9 11 14 16 17 20 22 23 26 28 29 31 33 35 38 39 41 44 45 47 1
2 4 5 8 10 12 14 15 17 20 21 23 25 27 29 32 33 35 37 39 41 44 45 47 1
2 3 5 8 9 11 14 15 17 20 22 24 26 28 29 32 34 35 37 39 41 44 45 47 1
2 4 5 8 9 11 14 16 18 20 22 24 25 27 29 32 34 36 38 39 41 44 46 47 1
2 3 5 7 9 11 14 16 18 20 22 24 25 27 29 32 34 36 38 40 42 44 46 48 1
2 4 5 8 10 12 14 15 17 20 22 24 25 27 29 32 34 35 38 40 42 44 46 47 1
2 4 6 8 10 11 14 16 18 19 21 23 25 27 29 32 34 35 38 39 41 44 46 48 1
1 3 5 7 9 11 13 15 17 20 22 23 26 28 30 31 33 35 38 40 41 43 45 47 1
2 4 6 8 9 11 14 16 18 20 22 23 25 27 29 32 33 35 38 40 42 44 46 48 1
2 4 6 8 10 12 14 15 17 19 21 23 25 27 29 32 33 35 37 39 41 44 46 47 1
2 3 5 8 9 11 14 15 17 20 21 23 26 28 29 32 33 35 38 40 42 44 45 47 1
2 4 6 7 9 11 14 16 18 20 22 24 26 27 29 32 34 36 37 39 41 44 46 48 1
2 3 5 8 9 11 14 15 17 20 21 23 26 28 29 32 33 35 38 40 42 43 45 47 1
2 3 5 8 10 12 14 15 17 20 21 23 26 27 29 32 33 35 38 39 41 44 45 47 1
2 4 6 8 10 12 14 15 17 20 21 23 25 27 29 31 33 35 38 40 42 44 46 47 0
2 4 6 8 10 11 13 15 17 20 21 23 26 28 29 31 33 35 38 39 41 44 46 47 0
1 3 5 8 10 12 13 15 17 19 21 23 25 27 29 32 34 36 38 39 41 44 46 47 0
2 3 5 8 10 11 14 16 18 19 21 23 25 27 29 32 34 36 38 39 41 44 46 48 0
2 3 5 8 10 12 14 16 17 19 21 23 25 27 29 32 33 35 38 40 41 44 45 47 0
1 3 5 7 9 11 13 15 17 20 22 23 26 28 30 32 33 35 38 40 41 43 45 47 0
1 3 5 7 9 11 13 15 17 20 21 23 26 28 30 31 33 35 37 39 41 43 45 47 0
1 3 5 8 9 11 14 16 18 19 21 23 25 27 29 32 33 35 38 40 42 44 46 48 0
2 4 5 8 10 12 14 15 17 19 21 23 25 27 29 32 33 35 37 39 41 44 46 48 0
2 4 6 8 10 11 14 16 17 20 22 24 25 27 29 32 34 35 37 39 41 44 46 48 0
2 4 6 8 10 12 14 15 17 19 21 23 25 27 29 32 34 35 37 39 41 44 46 48 0
2 4 5 7 9 11 13 15 17 20 21 23 26 28 30 31 33 35 38 39 41 43 45 47 0
1 3 5 8 10 12 14 15 17 20 22 24 25 27 29 32 34 35 38 40 42 43 45 47 0
2 4 5 8 10 11 14 16 18 20 22 24 25 27 29 32 34 35 37 39 41 44 45 47 0
2 4 5 7 9 11 14 15 17 20 21 23 26 28 30 31 33 35 38 40 41 44 45 47 0
2 4 6 7 9 11 14 15 17 20 22 23 26 28 30 32 33 35 37 39 41 44 45 47 0
1 3 5 8 10 11 14 16 17 19 21 23 25 27 29 32 34 36 38 39 41 44 46 48 0
2 4 5 7 9 11 13 15 17 20 22 23 26 28 30 32 33 35 38 40 41 44 45 47 0
1 3 5 8 10 12 14 15 17 19 21 23 25 27 29 32 34 35 38 39 41 44 45 47 0
2 4 6 8 10 12 13 15 17 19 21 23 25 27 29 32 34 36 38 39 41 44 46 48 0
2 3 5 8 9 11 13 15 17 20 21 23 26 28 29 31 33 35 38 39 41 43 45 47 0
2 4 6 8 10 11 14 16 17 19 21 23 25 27 29 32 34 36 38 39 41 44 46 48 0
1 3 5 8 10 12 14 15 17 19 21 23 25 27 29 32 34 35 38 40 42 44 45 47 0
1 3 5 8 9 11 13 15 17 20 22 23 26 28 29 32 33 35 38 40 41 43 45 47 0
1 3 5 8 10 11 14 15 17 20 22 24 26 27 29 32 34 36 38 40 41 43 45 47 0
2 4 6 8 10 11 14 16 17 19 21 23 25 27 29 32 34 36 38 39 41 44 46 48 0
2 3 5 7 9 11 13 15 17 20 21 23 26 28 30 31 33 35 38 40 41 43 45 47 0
2 4 5 8 10 12 14 16 17 19 21 23 25 27 29 32 33 35 38 39 41 44 46 48 1
2 3 5 8 10 11 14 16 18 20 22 24 25 27 29 32 34 36 38 40 41 44 46 47 1
2 4 6 8 10 12 13 15 17 19 21 23 25 27 29 32 34 36 38 40 42 44 46 48 1
2 3 5 8 9 11 14 15 17 20 22 23 26 27 29 32 34 35 38 40 42 43 45 47 1
2 4 5 8 10 11 14 16 18 20 21 23 26 27 29 32 33 35 38 39 41 44 45 47 1
2 3 5 8 9 11 14 16 18 20 22 23 26 27 29 32 34 36 38 40 42 44 45 47 1
2 3 5 8 10 12 14 15 17 20 22 24 25 27 29 32 34 36 38 40 41 44 45 47 1
2 3 5 8 9 11 14 16 18 20 22 23 26 27 29 32 34 35 38 39 41 44 45 47 1
2 3 5 8 10 11 14 16 18 20 21 23 26 27 29 31 33 35 37 39 41 44 46 47 1
2 3 5 8 10 12 13 15 17 20 21 23 26 27 29 32 33 35 37 39 41 43 45 47 1
2 4 5 8 10 11 14 16 18 19 21 23 25 27 29 32 34 36 38 40 42 44 46 47 1
1 3 5 7 9 11 14 15 17 20 21 23 26 28 30 31 33 35 38 40 41 43 45 47 1
1 3 5 8 10 11 14 16 17 20 21 23 26 27 29 32 34 36 38 40 41 44 46 47 1
2 4 5 8 9 11 14 16 17 20 22 24 26 28 29 32 34 35 38 40 41 44 45 47 1
2 3 5 8 10 11 14 16 18 19 21 23 25 27 29 32 33 35 38 40 42 44 46 48 1
2 4 5 8 10 11 14 16 17 20 22 23 26 27 29 32 33 35 38 40 41 44 46 47 1
1 3 5 8 10 12 14 16 17 19 21 23 25 27 29 32 34 35 37 39 41 44 45 47 1
2 3 5 8 10 11 14 16 18 20 22 24 25 27 29 32 34 36 38 39 41 44 45 47 1
2 4 5 8 10 11 14 16 18 19 21 23 25 27 29 32 34 35 38 39 41 44 46 47 1
2 3 5 8 10 12 14 16 17 20 22 23 25 27 29 32 34 36 38 40 41 44 45 47 1
1 3 5 8 10 11 14 16 17 20 22 23 25 27 29 32 33 35 37 39 41 44 46 48 1
2 4 6 7 9 11 14 16 18 20 22 24 25 27 29 32 34 36 37 39 41 44 46 48 1
2 3 5 8 9 11 14 15 17 20 22 23 26 28 29 32 34 36 38 40 41 44 45 47 1
2 4 5 7 9 11 14 16 18 20 22 23 26 27 29 32 34 36 37 39 41 44 45 47 1
1 3 5 7 9 11 13 15 17 20 21 23 26 28 30 31 33 35 37 39 41 43 45 47 1
2 4 5 8 10 12 14 15 17 19 21 23 25 27 29 32 34 35 37 39 41 44 45 47 1
2 4 6 8 10 11 14 16 17 20 21 23 25 27 29 32 33 35 38 39 41 44 46 48 1
1 3 5 7 9 11 14 16 18 19 21 23 25 27 29 32 34 35 38 40 42 44 46 48 1
1 3 5 7 9 11 13 15 17 20 21 23 26 28 30 31 33 35 37 39 41 43 45 47 1
2 3 5 8 9 11 14 16 18 20 22 24 25 27 29 32 34 36 38 40 41 44 46 47 1
2 3 5 7 9 11 14 15 17 20 22 24 26 28 29 32 33 35 38 40 42 44 46 47 1
2 3 5 7 9 11 14 16 18 20 22 24 25 27 29 32 34 36 38 40 41 44 46 48 1
2 4 6 8 10 11 14 16 18 19 21 23 25 27 29 32 34 36 38 39 41 44 46 48 1
2 4 5 8 10 11 14 16 17 20 22 24 25 27 29 32 34 36 38 40 41 44 46 47 1
2 4 5 8 10 12 14 16 17 19 21 23 25 27 29 32 33 35 37 39 41 44 45 47 1
2 4 5 8 9 11 14 15 17 20 22 23 26 28 29 31 33 35 38 39 41 44 45 47 1
2 4 6 8 10 11 14 16 18 20 22 23 26 27 29 32 34 35 38 40 41 44 46 48 1
2 4 5 8 10 11 14 16 17 20 21 23 25 27 29 32 33 35 37 39 41 44 46 48 1
2 3 5 8 10 12 14 15 17 20 22 23 25 27 29 32 34 35 38 39 41 44 46 47 1
1 3 5 8 10 11 14 16 18 20 22 24 25 27 29 32 34 35 37 39 41 44 45 47 1
2 4 6 8 10 11 14 16 18 19 21 23 25 27 29 32 33 35 37 39 41 44 46 48 1
2 4 5 7 9 11 14 16 18 20 22 24 26 27 29 32 34 36 38 40 41 44 46 47 1
1 3 5 8 10 12 14 15 17 19 21 23 25 27 29 32 33 35 38 40 41 44 45 47 1
2 3 5 8 9 11 14 16 17 20 22 23 26 28 29 32 33 35 37 39 41 43 45 47 1
2 4 5 8 9 11 14 16 17 20 22 23 26 27 29 32 34 35 38 40 41 44 46 47 1
2 4 6 8 9 11 14 16 18 20 22 24 25 27 29 32 34 36 38 40 42 44 46 47 1
2 4 6 8 9 11 14 16 18 19 21 23 25 27 29 32 34 36 38 40 41 44 46 48 1
2 4 6 8 9 11 14 16 18 19 21 23 25 27 29 32 34 36 38 40 41 44 46 48 1
1 3 5 7 9 11 14 15 17 20 22 24 26 28 29 32 33 35 37 39 41 43 45 47 1
2 4 6 8 9 11 14 16 18 19 21 23 25 27 29 32 33 35 37 39 41 44 46 48 1
2 3 5 8 9 11 13 15 17 20 21 23 26 28 29 31 33 35 38 39 41 43 45 47 0
2 4 5 7 9 11 13 15 17 20 21 23 26 28 30 32 33 35 38 39 41 43 45 47 0
2 4 6 8 10 12 14 15 17 19 21 23 25 27 29 32 33 35 37 39 41 44 46 47 0
2 4 6 8 10 12 14 15 17 20 22 24 25 27 29 32 34 36 38 40 41 44 46 48 0
2 4 5 7 9 11 14 15 17 20 22 23 26 28 30 31 33 35 37 39 41 43 45 47 0
2 4 5 7 9 11 13 15 17 20 22 23 26 28 30 31 33 35 38 40 41 44 45 47 0
1 3 5 7 9 11 13 15 17 20 21 23 26 28 30 31 33 35 38 40 42 43 45 47 0
2 4 6 8 10 12 14 16 17 19 21 23 25 27 29 32 33 35 37 39 41 44 46 48 0
2 4 6 7 9 11 14 15 17 20 22 23 26 28 29 31 33 35 38 40 41 44 46 47 0
2 4 5 7 9 11 14 15 17 20 22 24 26 28 29 32 34 35 38 39 41 44 46 47 0
2 4 6 7 9 11 14 16 18 20 22 24 25 27 29 32 34 36 38 40 42 44 46 48 0
2 4 5 7 9 11 13 15 17 20 22 23 26 28 30 31 33 35 38 39 41 43 45 47 0
2 4 6 8 9 11 14 16 18 20 22 24 25 27 29 32 34 36 38 40 41 44 46 48 0
2 4 6 8 10 11 14 16 18 19 21 23 25 27 29 32 34 35 37 39 41 44 46 47 0
2 4 6 8 10 11 14 16 18 20 22 23 25 27 29 32 33 35 38 40 42 44 46 48 0
1 3 5 8 10 12 13 15 17 19 21 23 25 27 29 32 34 36 37 39 41 44 46 47 0
2 4 6 8 10 11 14 16 18 19 21 23 25 27 29 32 34 35 38 40 41 44 46 48 0
2 3 5 8 9 11 13 15 17 20 22 23 26 28 29 31 33 35 38 40 42 43 45 47 0
2 4 5 8 10 11 14 16 18 19 21 23 25 27 29 32 34 36 37 39 41 44 46 47 0
1 3 5 8 10 12 13 15 17 19 21 23 25 27 29 32 34 35 38 40 42 44 45 47 0
2 3 5 8 10 12 14 15 17 19 21 23 25 27 29 32 34 35 38 40 41 44 46 48 0
2 3 5 8 10 12 14 15 17 19 21 23 25 27 29 32 33 35 38 39 41 44 45 47 0
1 3 5 7 9 11 13 15 17 20 22 23 26 28 30 32 33 35 38 39 41 43 45 47 0
2 4 5 8 9 11 14 15 17 20 22 24 26 28 29 32 34 35 38 40 42 44 45 47 0
2 4 6 8 10 12 14 15 17 19 21 23 25 27 29 31 33 35 38 40 42 44 45 47 0
2 4 5 8 10 12 14 16 17 19 21 23 25 27 29 32 34 35 38 40 42 43 45 47 0
1 3 5 7 9 11 13 15 17 20 22 23 26 28 30 32 33 35 38 40 41 43 45 47 0
2 4 6 8 10 12 14 16 17 19 21 23 25 27 29 32 34 35 38 39 41 44 46 48 1
2 4 6 8 9 11 14 16 18 19 21 23 25 27 29 32 34 36 38 40 42 44 46 48 1
2 4 5 8 9 11 14 15 17 20 22 23 26 28 29 32 34 35 38 40 41 43 45 47 1
1 3 5 8 10 11 14 16 17 20 22 24 26 27 29 32 34 35 38 40 42 44 45 47 1
2 3 5 7 9 11 13 15 17 20 21 23 26 28 30 31 33 35 37 39 41 43 45 47 1
2 3 5 8 10 11 14 16 18 20 22 23 25 27 29 32 34 35 38 40 41 44 45 47 1
2 3 5 8 9 11 14 16 18 20 22 24 25 27 29 32 34 36 38 39 41 44 46 48 1
1 3 5 8 9 11 14 16 17 20 21 23 26 27 29 31 33 35 38 40 41 44 45 47 1
2 4 5 8 10 11 14 16 18 20 22 24 25 27 29 32 34 36 38 39 41 44 46 48 1
2 4 6 7 9 11 14 16 18 20 22 23 26 27 29 32 34 36 38 39 41 44 46 48 1
2 4 6 7 9 11 14 16 18 20 22 24 26 27 29 32 34 36 38 39 41 44 46 48 1
1 3 5 7 9 11 13 15 17 20 21 23 26 28 30 31 33 35 38 39 41 44 45 47 1
1 3 5 8 10 11 14 16 18 19 21 23 25 27 29 32 34 36 38 40 42 44 46 47 1
2 4 6 8 9 11 14 15 17 20 22 24 26 27 29 32 33 35 38 39 41 44 46 47 1
2 4 6 8 9 11 14 15 17 20 21 23 26 27 29 31 33 35 37 39 41 44 46 48 1
2 3 5 8 10 12 14 15 17 20 22 24 25 27 29 32 34 36 38 40 42 44 45 47 1
2 3 5 7 9 11 14 15 17 20 21 23 26 28 29 32 34 35 37 39 41 43 45 47 1
2 4 6 8 9 11 14 16 18 20 22 24 25 27 29 32 34 36 38 40 41 44 46 48 1
2 3 5 8 10 11 14 16 18 20 21 23 26 27 29 32 33 35 38 39 41 44 46 47 1
2 4 6 7 9 11 14 16 18 19 21 23 25 27 29 32 34 36 38 40 42 44 46 48 1
2 4 6 8 10 12 14 16 17 19 21 23 25 27 29 32 34 35 38 39 41 44 46 47 1
2 3 5 7 9 11 14 15 17 20 22 23 26 28 29 32 33 35 38 40 42 44 45 47 1
1 3 5 8 10 11 14 16 17 19 21 23 25 27 29 32 34 36 38 40 41 44 46 47 1
2 3 5 7 9 11 13 15 17 20 21 23 26 28 30 31 33 35 38 39 41 44 45 47 1
2 4 6 8 10 11 14 15 17 20 22 24 26 27 29 32 33 35 37 39 41 44 46 47 1
1 3 5 7 9 11 13 15 17 20 21 23 26 28 30 31 33 35 37 39 41 43 45 47 1
2 4 5 7 9 11 14 16 18 20 22 24 25 27 29 32 34 36 38 39 41 44 46 48 1
1 3 5 8 10 12 14 16 17 19 21 23 25 27 29 32 34 35 38 40 41 43 45 47 1
2 3 5 7 9 11 13 15 17 20 21 23 26 28 30 32 33 35 38 40 41 43 45 47 1
1 3 5 7 9 11 14 16 17 20 22 24 26 28 29 32 34 35 38 39 41 44 45 47 1
2 4 5 7 9 11 14 15 17 20 21 23 26 28 29 32 33 35 38 40 41 43 45 47 1
2 3 5 8 9 11 14 16 18 20 22 24 26 27 29 32 34 36 38 40 41 44 46 48 1
2 3 5 8 10 12 14 16 17 19 21 23 25 27 29 32 34 35 38 40 41 44 45 47 1
2 3 5 8 10 11 14 16 18 20 21 23 25 27 29 32 34 36 38 40 41 44 46 47 1
1 3 5 8 9 11 14 15 17 20 22 23 26 28 29 32 33 35 38 40 41 43 45 47 1
2 3 5 8 10 11 14 16 18 19 21 23 25 27 29 32 34 35 38 40 42 44 46 48 1
1 3 5 7 9 11 13 15 17 20 22 23 26 28 30 32 33 35 37 39 41 43 45 47 1
2 4 5 8 10 11 14 16 18 19 21 23 25 27 29 32 34 35 38 39 41 44 46 47 1
2 4 5 7 9 11 14 15 17 20 21 23 26 28 30 31 33 35 38 39 41 44 45 47 1
2 4 5 8 10 12 14 16 17 19 21 23 25 27 29 32 34 35 38 39 41 44 45 47 1
1 3 5 7 9 11 14 16 17 20 22 24 26 28 29 32 34 36 38 40 42 44 45 47 1
2 4 6 8 9 11 14 15 17 20 22 24 26 27 29 32 34 35 38 40 41 44 45 47 1
2 4 6 8 10 12 14 16 17 19 21 23 25 27 29 32 33 35 38 40 42 44 46 48 1
1 3 5 8 10 11 14 16 18 19 21 23 25 27 29 31 33 35 38 39 41 43 45 47 1
2 4 6 8 9 11 14 16 17 20 22 24 26 27 29 32 34 35 37 39 41 44 46 47 1
2 3 5 8 10 11 14 16 18 20 22 23 25 27 29 32 34 35 37 39 41 44 46 47 1
2 3 5 7 9 11 13 15 17 20 21 23 26 28 30 31 33 35 37 39 41 43 45 47 1
2 4 6 8 10 12 14 16 17 19 21 23 25 27 29 32 34 35 38 40 41 44 46 47 1
1 3 5 8 10 11 14 16 18 19 21 23 25 27 29 32 34 35 37 39 41 44 46 48 1
2 4 6 8 10 12 14 15 17 19 21 23 25 27 29 31 33 35 38 40 41 44 46 48 1
2 4 6 8 10 12 13 15 17 19 21 23 25 27 29 31 33 35 38 40 41 44 46 48 0
2 4 6 8 10 12 14 15 17 19 21 23 25 27 29 32 34 35 38 39 41 44 46 47 0
2 4 6 8 10 12 14 16 17 19 21 23 25 27 29 32 33 35 38 40 41 44 46 47 0
2 4 6 8 10 12 14 16 17 19 21 23 25 27 29 32 33 35 37 39 41 44 46 48 0
2 3 5 8 10 12 13 15 17 20 22 24 25 27 29 32 34 35 38 40 42 43 45 47 0
2 4 6 8 10 11 14 16 18 19 21 23 25 27 29 32 34 35 38 39 41 44 45 47 0
2 4 5 7 9 11 13 15 17 20 21 23 26 28 30 31 33 35 38 39 41 44 45 47 0
2 4 5 8 9 11 14 15 17 20 22 23 26 28 29 32 33 35 38 40 41 44 46 48 0
2 4 6 8 10 11 14 16 17 20 22 24 25 27 29 32 34 35 38 40 42 44 46 47 0
2 4 6 8 9 11 14 16 17 20 22 24 26 28 29 32 34 36 38 40 42 44 46 47 0
1 3 5 8 10 11 14 16 18 19 21 23 25 27 29 32 34 36 38 39 41 44 45 47 0
1 3 5 8 10 12 14 16 17 20 22 24 25 27 29 32 34 35 38 39 41 43 45 47 0
2 4 6 8 10 12 14 15 17 20 22 23 25 27 29 32 34 35 38 39 41 44 46 47 0
2 4 6 8 10 11 14 16 17 20 22 24 25 27 29 32 34 36 38 39 41 44 46 47 0
1 3 5 7 9 11 13 15 17 20 22 23 26 28 30 32 33 35 38 40 41 43 45 47 0
2 4 5 8 10 12 14 15 17 19 21 23 25 27 29 32 34 36 38 39 41 44 45 47 0
2 4 6 8 10 12 14 16 17 19 21 23 25 27 29 32 34 35 38 40 42 44 46 48 0
2 4 6 8 10 11 14 16 18 19 21 23 25 27 29 32 34 36 38 40 41 44 46 48 0
1 3 5 8 10 12 13 15 17 19 21 23 25 27 29 32 34 36 38 39 41 44 46 47 0
2 4 6 8 10 11 14 16 18 20 22 24 25 27 29 32 34 35 38 39 41 44 46 47 0
2 3 5 7 9 11 13 15 17 20 21 23 26 28 30 31 33 35 38 40 41 43 45 47 0
2 4 6 7 9 11 14 15 17 20 22 23 26 28 29 32 34 35 38 40 42 44 46 47 0
2 4 6 8 10 12 14 16 17 19 21 23 25 27 29 32 34 35 38 39 41 44 46 48 0
2 4 6 8 10 12 14 15 17 19 21 23 25 27 29 32 33 35 38 39 41 44 46 47 0
2 3 5 7 9 11 13 15 17 20 22 23 26 28 30 31 33 35 37 39 41 43 45 47 0
2 4 5 8 10 12 14 15 17 19 21 23 25 27 29 32 33 35 38 39 41 44 46 47 0
1 3 5 7 9 11 13 15 17 20 21 23 26 28 30 31 33 35 38 40 42 43 45 47 1
2 4 5 8 10 11 14 16 17 20 22 24 26 27 29 32 34 36 38 40 42 44 46 47 1
1 3 5 7 9 11 14 16 18 20 22 24 26 27 29 32 34 36 38 40 41 44 45 47 1
2 3 5 8 10 11 14 16 18 19 21 23 25 27 29 32 34 35 38 40 41 44 46 47 1
2 3 5 8 10 11 14 16 18 19 21 23 25 27 29 32 34 36 38 39 41 44 46 47 1
1 3 5 7 9 11 13 15 17 20 21 23 26 28 30 31 33 35 38 40 41 43 45 47 1
2 3 5 8 9 11 14 16 18 20 21 23 26 27 29 32 33 35 38 39 41 44 45 47 1
2 4 6 8 10 11 14 16 17 20 22 23 25 27 29 32 33 35 38 40 42 44 46 48 1
2 4 5 7 9 11 13 15 17 20 21 23 26 28 30 31 33 35 37 39 41 43 45 47 1
2 4 5 8 9 11 14 15 17 20 21 23 26 27 29 31 33 35 38 40 41 44 46 47 1
2 4 5 8 9 11 14 15 17 20 22 23 26 28 29 32 33 35 37 39 41 43 45 47 1
2 3 5 8 10 11 14 16 18 19 21 23 25 27 29 32 33 35 38 40 42 44 46 48 1
1 3 5 7 9 11 13 15 17 20 21 23 26 28 30 31 33 35 38 40 41 43 45 47 1
2 3 5 8 9 11 14 16 17 20 22 23 26 27 29 32 33 35 38 40 42 44 45 47 1
2 4 5 8 10 12 14 16 17 19 21 23 25 27 29 32 33 35 38 39 41 44 45 47 1
1 3 5 7 9 11 13 15 17 20 21 23 26 28 30 31 33 35 38 40 42 43 45 47 1
2 4 6 8 10 11 14 16 18 20 22 24 25 27 29 32 34 36 38 40 42 44 46 47 1
2 3 5 8 9 11 14 16 17 20 22 23 26 27 29 32 34 35 38 40 42 44 46 47 1
1 3 5 7 9 11 14 15 17 20 21 23 26 28 30 31 33 35 37 39 41 43 45 47 1
2 3 5 8 10 12 13 15 17 19 21 23 25 27 29 31 33 35 38 40 42 44 46 48 1
1 3 5 8 9 11 14 16 18 20 21 23 26 27 29 32 33 35 38 39 41 43 45 47 1
2 4 6 8 10 12 14 15 17 19 21 23 25 27 29 32 34 36 38 40 41 44 46 48 1
2 3 5 8 9 11 14 16 18 20 22 23 26 27 29 32 34 35 38 40 42 44 45 47 1
1 3 5 7 9 11 14 15 17 20 22 23 26 28 30 32 34 35 38 40 41 43 45 47 1
2 4 5 8 10 11 14 16 18 20 22 24 25 27 29 32 34 36 38 40 41 44 46 47 1
2 3 5 7 9 11 13 15 17 20 21 23 26 28 30 31 33 35 38 39 41 43 45 47 1
2 3 5 8 10 12 14 15 17 20 21 23 26 27 29 32 34 35 38 40 42 44 46 47 1
2 4 6 7 9 11 14 16 18 19 21 23 25 27 29 32 34 36 38 40 41 44 46 48 1
1 3 5 7 9 11 13 15 17 20 21 23 26 28 30 31 33 35 37 39 41 43 45 47 1
1 3 5 8 9 11 14 15 17 20 22 23 26 28 29 32 34 35 38 40 42 44 45 47 1
2 4 6 8 10 11 14 16 18 20 22 24 25 27 29 32 34 36 38 39 41 44 46 48 1
2 4 5 8 10 11 14 16 17 20 21 23 26 27 29 32 34 35 38 40 41 44 45 47 1
2 4 5 8 9 11 14 15 17 20 22 23 26 28 29 32 33 35 37 39 41 44 45 47 1
2 4 5 8 10 11 14 16 17 19 21 23 25 27 29 32 33 35 37 39 41 44 46 48 1
2 3 5 8 9 11 14 15 17 20 22 24 26 28 29 32 34 35 37 39 41 44 45 47 1
2 3 5 7 9 11 14 16 18 20 22 24 26 27 29 32 34 36 38 40 41 44 46 48 1
2 3 5 8 9 11 13 15 17 20 22 24 26 27 29 32 34 36 37 39 41 44 46 47 1
2 4 5 8 9 11 13 15 17 20 22 23 26 28 29 31 33 35 37 39 41 44 45 47 1
1 3 5 7 9 11 13 15 17 20 21 23 26 28 30 31 33 35 37 39 41 43 45 47 1
1 3 5 8 10 12 14 15 17 19 21 23 25 27 29 32 33 35 38 40 42 44 46 48 1
2 3 5 8 9 11 14 15 17 20 22 23 26 28 29 32 34 35 38 39 41 44 45 47 1
2 3 5 8 10 12 14 16 18 19 21 23 25 27 29 32 33 35 38 39 41 44 45 47 1
2 4 5 8 10 12 13 15 17 19 21 23 25 27 29 31 33 35 38 40 42 44 46 48 1
2 4 6 8 9 11 14 15 17 20 22 23 26 28 29 32 33 35 38 40 42 44 45 47 1
1 3 5 8 10 12 14 15 17 20 22 24 25 27 29 32 34 35 37 39 41 43 45 47 1
1 3 5 8 9 11 14 16 17 20 22 24 26 27 29 32 34 35 38 40 42 44 45 47 1
2 3 5 7 9 11 13 15 17 20 21 23 26 28 30 31 33 35 38 39 41 43 45 47 1
2 4 5 8 10 12 14 16 17 19 21 23 25 27 29 32 34 36 37 39 41 44 46 47 1
1 3 5 7 9 11 13 15 17 20 22 23 26 28 30 31 33 35 38 39 41 43 45 47 1
1 3 5 7 9 11 14 16 18 19 21 23 25 27 29 32 34 36 38 39 41 44 46 48 1
2 4 5 8 10 12 14 16 17 19 21 23 25 27 29 32 34 36 38 40 42 43 45 47 0
2 4 6 8 10 11 14 15 17 20 22 23 26 27 29 32 33 35 38 40 42 44 46 47 0
2 4 6 8 10 11 14 16 18 19 21 23 25 27 29 32 33 35 38 40 42 44 46 48 0
1 3 5 7 9 11 14 15 17 20 22 23 26 28 29 32 33 35 37 39 41 44 45 47 0
2 4 5 8 9 11 13 15 17 20 22 23 26 28 29 31 33 35 38 40 41 44 45 47 0
1 3 5 7 9 11 13 15 17 20 22 23 26 28 30 32 33 35 37 39 41 44 45 47 0
1 3 5 7 9 11 13 15 17 20 21 23 26 28 30 31 33 35 38 39 41 43 45 47 0
2 4 5 7 9 11 13 15 17 20 21 23 26 28 30 31 33 35 37 39 41 43 45 47 0
1 3 5 7 9 11 14 15 17 20 22 23 26 28 30 32 33 35 37 39 41 43 45 47 0
2 3 5 7 9 11 13 15 17 20 21 23 26 28 30 31 33 35 37 39 41 43 45 47 0
1 3 5 7 9 11 13 15 17 20 21 23 26 28 30 31 33 35 37 39 41 43 45 47 0
2 4 5 8 10 12 14 15 17 19 21 23 25 27 29 31 33 35 38 39 41 44 45 47 0
2 4 5 8 10 11 14 16 17 20 21 23 25 27 29 32 33 35 37 39 41 44 46 48 0
2 3 5 8 10 11 14 15 17 20 21 23 26 27 29 31 33 35 37 39 41 43 45 47 0
2 3 5 8 9 11 14 15 17 20 22 23 26 28 29 32 34 35 38 40 42 44 45 47 0
1 3 5 7 9 11 13 15 17 20 22 23 26 28 30 31 33 35 37 39 41 43 45 47 0
2 4 5 8 10 12 14 15 17 19 21 23 25 27 29 32 34 35 38 39 41 44 46 48 0
2 3 5 7 9 11 13 15 17 20 21 23 26 28 30 31 33 35 38 40 41 43 45 47 0
2 4 5 8 10 12 14 15 17 19 21 23 25 27 29 32 34 35 38 40 41 43 45 47 0
1 3 5 8 9 11 14 15 17 20 22 23 26 28 29 32 34 35 38 40 41 44 46 47 0
2 4 6 7 9 11 13 15 17 20 21 23 26 28 30 31 33 35 38 40 41 43 45 47 0
2 4 5 8 10 12 13 15 17 20 22 23 25 27 29 32 33 35 38 40 41 44 46 47 0
2 4 5 8 9 11 14 15 17 20 21 23 26 28 29 32 33 35 38 40 42 44 46 47 0
1 3 5 8 10 12 14 15 17 19 21 23 25 27 29 32 34 35 37 39 41 44 46 47 0
1 3 5 8 10 12 14 15 17 20 22 24 25 27 29 32 34 35 37 39 41 43 45 47 0
2 4 5 8 10 12 14 16 17 19 21 23 25 27 29 32 34 35 38 40 41 44 46 48 0
1 3 5 7 9 11 13 15 17 20 21 23 26 28 30 31 33 35 38 40 41 43 45 47 0
1 3 5 8 10 12 14 16 17 19 21 23 25 27 29 32 34 36 38 40 42 44 46 48 0
2 4 6 8 10 12 13 15 17 19 21 23 25 27 29 32 34 36 37 39 41 44 46 47 0
2 4 6 8 10 11 14 16 17 19 21 23 25 27 29 32 34 36 38 39 41 44 46 48 0
2 3 5 7 9 11 14 15 17 20 21 23 26 28 30 32 34 35 38 40 41 43 45 47 0
2 4 6 8 10 11 14 16 18 19 21 23 25 27 29 32 34 35 37 39 41 44 46 48 0
2 4 6 8 9 11 14 16 18 20 22 24 25 27 29 32 34 36 37 39 41 44 46 47 0
2 4 5 8 10 12 14 16 17 20 22 23 25 27 29 32 33 35 37 39 41 44 46 48 0
2 4 6 8 10 12 14 16 18 19 21 23 25 27 29 32 34 35 38 39 41 44 46 47 0
2 3 5 8 10 11 14 15 17 20 22 23 26 27 29 32 34 35 38 40 41 44 45 47 0
2 4 5 7 9 11 14 16 17 20 21 23 26 28 29 32 34 35 38 40 42 44 46 48 0
1 3 5 8 10 12 13 15 17 19 21 23 25 27 29 32 34 36 38 40 42 44 46 48 0
2 4 6 8 10 12 13 15 17 19 21 23 25 27 29 32 34 35 38 39 41 44 46 48 0
2 3 5 8 10 11 13 15 17 20 21 23 26 27 29 31 33 35 37 39 41 43 45 47 0
2 4 6 8 9 11 14 16 17 20 22 24 26 27 29 32 34 36 38 40 41 44 46 48 0
2 4 6 7 9 11 14 16 17 20 22 23 26 28 29 32 33 35 38 40 41 44 46 48 0
2 4 6 8 10 11 14 16 18 19 21 23 25 27 29 32 34 36 38 40 41 44 46 48 0
2 3 5 8 9 11 14 16 18 20 21 23 26 27 29 32 33 35 38 39 41 43 45 47 0
2 4 5 8 10 11 14 16 18 19 21 23 25 27 29 32 34 35 37 39 41 44 46 48 0
2 4 6 8 10 11 14 16 17 20 22 24 25 27 29 32 34 35 38 39 41 44 46 47 0
2 4 5 8 10 12 14 16 17 19 21 23 25 27 29 31 33 35 37 39 41 44 46 47 0
2 4 5 8 9 11 13 15 17 20 22 23 26 28 29 31 33 35 38 39 41 43 45 47 0
1 3 5 8 9 11 13 15 17 20 21 23 26 28 29 31 33 35 37 39 41 43 45 47 0
2 3 5 8 9 11 14 16 17 20 21 23 26 27 29 32 33 35 38 40 42 44 46 47 0
2 3 5 7 9 11 14 15 17 20 22 23 26 28 30 31 33 35 38 40 42 43 45 47 0
2 4 5 7 9 11 13 15 17 20 22 23 26 28 30 31 33 35 38 40 41 43 45 47 0
2 4 5 8 10 12 14 16 17 20 22 23 25 27 29 32 34 35 38 39 41 44 46 47 0
2 4 6 8 9 11 14 16 18 20 22 24 25 27 29 32 34 35 38 39 41 44 46 48 0
2 3 5 8 9 11 14 16 17 20 22 23 26 28 29 32 34 35 38 40 41 43 45 47 0
2 4 5 8 10 12 14 16 17 19 21 23 25 27 29 32 34 36 38 40 41 44 46 47 0
1 3 5 8 9 11 14 15 17 20 22 24 26 28 29 32 34 35 38 40 42 44 45 47 0
1 3 5 8 10 11 14 16 18 19 21 23 25 27 29 32 34 36 38 40 42 44 45 47 0
2 4 5 7 9 11 13 15 17 20 22 23 26 28 30 32 33 35 38 39 41 44 46 47 0
2 3 5 8 10 11 14 16 18 20 22 24 25 27 29 32 34 36 37 39 41 44 45 47 0
2 3 5 8 9 11 14 15 17 20 22 23 26 28 29 32 34 36 38 40 42 44 45 47 0
1 3 5 7 9 11 13 15 17 20 21 23 26 28 30 31 33 35 38 40 41 43 45 47 0
2 3 5 8 9 11 13 15 17 20 21 23 26 28 29 32 33 35 37 39 41 44 45 47 0
1 3 5 8 9 11 14 16 18 20 22 24 25 27 29 32 34 36 38 39 41 44 46 47 0
2 3 5 8 10 11 14 16 17 20 21 23 26 27 29 32 33 35 38 40 42 44 46 47 0
2 4 6 8 10 12 13 15 17 19 21 23 25 27 29 31 33 35 38 39 41 44 46 47 0
2 4 5 8 9 11 14 15 17 20 21 23 26 28 29 31 33 35 37 39 41 44 45 47 0
2 3 5 8 10 12 14 16 17 19 21 23 25 27 29 32 33 35 37 39 41 44 45 47 0
2 4 6 8 9 11 14 16 17 20 22 23 26 27 29 32 34 35 38 39 41 44 46 48 0
2 4 5 7 9 11 13 15 17 20 22 23 26 28 30 32 33 35 37 39 41 44 46 47 0
2 3 5 8 10 11 14 16 18 20 21 23 25 27 29 32 33 35 37 39 41 44 45 47 0
1 3 5 8 9 11 14 15 17 20 22 23 26 28 29 31 33 35 37 39 41 43 45 47 0
2 4 5 8 10 11 14 16 18 19 21 23 25 27 29 32 34 36 38 40 42 44 46 47 0
2 3 5 7 9 11 13 15 17 20 21 23 26 28 30 31 33 35 37 39 41 43 45 47 0
1 3 5 7 9 11 14 15 17 20 22 23 26 28 29 32 34 35 38 40 41 44 45 47 0
2 3 5 8 10 11 14 16 18 20 22 23 25 27 29 32 34 35 38 40 42 44 46 47 0
1 3 5 8 9 11 13 15 17 20 21 23 26 28 29 31 33 35 38 40 41 43 45 47 0
2 4 5 8 10 12 14 15 17 19 21 23 25 27 29 32 33 35 38 40 41 44 45 47 0
2 4 5 8 10 11 14 16 17 19 21 23 25 27 29 32 33 35 38 40 41 44 46 48 0
1 3 5 8 10 12 14 16 17 20 21 23 25 27 29 32 33 35 38 39 41 44 46 47 0
2 4 6 8 10 12 14 15 17 20 22 24 25 27 29 32 34 35 38 40 41 44 46 48 0
1 3 5 8 9 11 13 15 17 20 22 23 26 28 30 32 34 35 38 40 42 44 45 47 0
1 3 5 8 9 11 14 16 18 20 22 23 26 27 29 32 34 36 38 39 41 44 45 47 0
2 4 6 8 10 12 13 15 17 19 21 23 25 27 29 32 34 36 38 40 42 44 46 48 0
1 3 5 8 10 12 13 15 17 19 21 23 25 27 29 32 34 36 37 39 41 44 46 47 0
2 4 6 8 9 11 14 16 18 20 22 24 25 27 29 32 34 36 38 40 41 44 46 48 0
1 3 5 8 10 12 14 15 17 20 22 24 26 27 29 32 34 36 38 40 42 43 45 47 0
2 3 5 8 10 12 14 16 17 20 22 24 25 27 29 32 34 36 38 40 42 44 45 47 0
2 4 5 8 10 12 14 15 17 19 21 23 25 27 29 32 33 35 37 39 41 44 46 47 0
2 4 5 8 10 12 14 15 17 19 21 23 25 27 29 32 34 36 37 39 41 44 45 47 0
2 4 5 8 10 11 13 15 17 20 22 23 26 27 29 31 33 35 38 40 41 44 45 47 0
2 3 5 8 10 12 13 15 17 20 22 24 25 27 29 31 33 35 38 40 41 44 46 48 0
2 4 5 8 10 12 14 16 17 20 22 23 25 27 29 32 34 35 38 40 41 44 46 47 0
2 3 5 7 9 11 13 15 17 20 21 23 26 28 30 31 33 35 37 39 41 43 45 47 0
2 4 5 8 10 12 13 15 17 19 21 23 25 27 29 32 33 35 37 39 41 44 46 47 0
2 4 5 8 10 12 14 16 17 19 21 23 25 27 29 31 33 35 38 39 41 44 46 48 0
2 4 5 8 10 12 14 15 17 19 21 23 25 27 29 31 33 35 37 39 41 44 46 48 0
2 3 5 8 10 11 13 15 17 20 22 23 26 28 29 31 33 35 37 39 41 43 45 47 0
2 4 5 8 9 11 14 15 17 20 21 23 26 28 29 32 33 35 38 40 41 44 45 47 0
2 3 5 7 9 11 13 15 17 20 22 23 26 28 30 32 34 35 38 40 41 43 45 47 0
1 3 5 7 9 11 14 16 17 20 22 24 26 28 29 32 34 36 38 39 41 43 45 47 0
2 4 5 8 10 11 13 15 17 20 22 23 26 28 29 31 33 35 37 39 41 44 46 47 0
2 4 6 8 9 11 14 16 18 20 22 23 25 27 29 32 34 36 38 40 42 44 46 48 0
